54996,20819,75067
14445,17266,2972
81840,60969,35655
14123,45106,48461
48187,65020,42045
77458,19641,51022
38428,28667,53393
94944,22417,86402
8199,71755,83619
98728,64694,6549
81211,80636,99719
17342,95785,94431
53063,2091,86248
10142,66366,9289
19076,44745,50423
49132,16352,53534
90927,89970,90207
39627,37462,86287
24169,12769,72489
20324,934,58988
20749,31543,6525
35693,11565,5058
2743,28446,32311
91881,14112,56344
27980,17234,28001
91818,85296,76219
33586,31283,48143
23851,98375,67741
10466,94970,92045
41715,22225,71990
53552,88357,80011
89037,66363,25825
96338,81096,61104
1728,97534,68628
28013,3486,69991
1146,61815,56413
96034,58029,17790
56371,14864,38725
63876,76650,39345
36296,24215,30526
17414,23470,24022
79561,66715,35793
34440,35564,34841
85826,44070,82079
55085,10650,37111
24916,21640,43775
67239,94553,99089
15364,82919,54942
92246,50942,80220
455,24950,40178
50464,37211,34229
41422,14179,77166
61147,34318,22565
17888,76021,17678
90706,21533,86116
10748,51310,40925
43359,67046,77182
5656,61225,66873
78908,77619,9404
59661,97,3378
35877,74422,85779
34123,54937,76003
14597,95939,80841
88737,57361,80600
7085,35855,43846
86522,65765,2797
96749,80999,17687
52053,82733,27655
47314,24500,61556
40768,75742,12252
7071,92958,75495
87123,70255,31355
22282,99809,41616
5233,57476,12299
5825,94974,50555
943,18076,66584
40539,32475,42630
80844,29626,9449
97726,23134,88832
45554,36242,15019
85249,32602,42359
36753,32185,18229
45326,59895,8325
22214,91945,29371
59469,76521,99701
76668,38287,3394
47795,11566,13893
22134,89359,64181
86463,50222,65887
6481,23060,91430
25473,11067,22735
62302,36677,32548
62774,30219,16339
64550,47737,29087
64848,14063,10283
91984,8695,88899
12435,29924,65360
47347,90030,79813
68034,59292,27034
6876,60551,62051
52984,42970,10254
12731,22021,64724
97169,82098,59180
7947,51434,56634
85540,97916,1904
8828,52422,70759
12505,17886,3374
17777,59303,20089
25889,2391,1243
355,70443,54975
26967,3356,77903
22461,95287,7277
26096,41998,99419
18376,48253,77607
66775,76421,89312
38309,94341,15434
7153,20480,21691
70557,34572,46900
62622,18984,41338
22876,75203,63517
54243,85112,17173
23253,44740,72275
48009,63008,99208
14869,34532,36333
74825,94853,48095
15369,75830,7889
7969,52356,79899
20049,97366,44527
4418,19993,21163
27533,37577,51846
73223,87757,12057
75237,67456,85170
70050,40157,61435
4128,40927,15448
61297,77184,17960
52047,58568,48099
2178,53587,75655
85244,61370,26996
19720,20332,94999
80459,92067,53331
73740,63015,20491
30500,40664,13396
68387,5326,82738
21137,90855,32850
52138,42859,13437
16200,90405,54655
83019,24155,71304
28315,7417,73418
74369,66466,55364
25935,57841,18246
22307,86371,51701
72956,90196,8002
6528,20853,77429
75978,37480,6101
14342,48800,3014
31771,11919,4021
71254,16785,58457
69510,2032,33037
68057,82362,16314
51852,73510,23502
26583,13567,57289
35868,59076,64951
20975,70496,41789
25604,24134,79688
48839,86988,67094
15661,52920,83820
32355,11484,21799
25861,40933,47858
13521,34225,72409
12248,47464,87072
60979,68430,6626
68527,29547,95585
20445,6987,95682
62114,79701,36282
57906,44594,96093
68641,99604,25090
72283,11925,77484
27965,34598,26439
58729,31655,74186
6715,48134,92469
74845,481,86030
90657,91721,76630
77504,87693,6758
13897,31504,15563
79526,66450,88355
90699,48767,37283
9659,7913,16410
47492,4720,63237
65743,73166,1879
32937,65065,51938
16113,92190,81877
60422,61027,48224
57518,80178,44315
35132,52954,3635
31375,31570,90878
59289,68218,17188
62855,35648,98162
42563,1260,60512
58782,2848,325
2877,98010,43898
7646,41561,38407
96913,53710,22430
53922,3108,82060
65566,6792,12495
33790,97692,46752
93099,7528,62673
68863,80744,97762
94745,98791,10808
31167,42546,59415
67003,1108,75830
24519,37235,6135
36501,83807,1057
48255,58060,98579
69324,43237,46460
84397,25423,47852
15663,1691,64325
60648,4636,98372
14890,3938,72267
31477,50719,28523
2603,94169,22978
90406,36092,7072
76254,54193,31342
60946,66554,62928
15369,53918,83289
43193,84868,78330
68522,59794,13933
28269,24379,1526
19228,12201,40341
31216,47633,29714
56932,15407,25904
66271,1035,15164
41052,54434,84755
56117,74134,69003
97465,47091,61029
61890,46449,9681
113,90674,11792
50762,18528,63324
85855,23718,72767
66414,16380,7865
23677,91702,78150
97166,45547,47566
63861,45228,10087
79629,26668,12471
11591,15980,80607
10192,54090,54276
90178,24375,15673
73638,65563,27027
2093,56530,48087
74662,40478,63507
83235,40323,84979
5311,61924,97962
77050,86544,79522
54848,42355,57424
45458,20177,9669
54552,42195,75620
1375,58323,12937
28135,93932,58862
73969,36824,55009
39794,35188,6747
83514,40793,45490
83660,62834,96869
96700,98252,65795
21439,47927,37352
53747,68144,13305
37059,99547,85510
70499,30256,44517
51198,39700,53222
8821,16811,86912
45393,661,7987
68854,17821,76387
51379,46496,32722
56858,53798,1128
24240,97353,48408
30812,3043,82960
77811,40035,60834
98990,78762,54528
19719,28646,13278
53652,32476,6330
96243,60557,18219
4836,60997,25941
31176,34772,87718
83803,83989,63238
71051,10630,39270
20712,94791,35244
10291,16726,4622
91830,72562,59103
61928,88708,39335
2703,30261,50141
35427,2934,93757
36343,62476,29266
57118,30792,64961
93709,97735,15615
18140,59629,71402
11254,87175,34378
47445,631,79833
84168,21737,69698
94547,86479,26509
93601,70790,1403
94112,62902,81383
71897,3415,48498
76682,79315,27759
32353,41066,86200
43533,8247,53304
96676,49547,70768
37589,85391,86154
39253,42274,70316
46416,97703,12691
90739,1625,2617
14500,58837,52836
12554,79456,67470
96443,10084,58547
95804,3483,16029
83448,72183,52679
74605,19038,46197
90039,17043,83191
31205,72129,80308
68787,98738,65466
70970,13297,7455
45349,64753,67668
3716,59072,27343
45543,36979,81018
27548,21029,40969
1381,324,55920
67913,12068,53691
987,55983,9055
13681,38925,14477
41571,67478,35023
33337,47028,13453
84337,46470,3603
13354,98066,86250
67524,86172,46266
70800,92122,93790
66592,28574,23765
68241,89385,25720
54362,81098,6258
61264,69982,82925
93154,743,54320
59999,68218,49267
88686,95461,31164
15611,86637,50869
63503,86676,31215
33888,19857,40234
61482,9752,69670
48152,18196,83446
48525,14167,87010
551,99494,2792
22845,25827,60786
28976,47585,87260
27513,23006,51907
60967,56670,69782
13094,99648,26997
55417,46572,18823
24004,73264,17581
84514,17328,33397
48833,41198,87946
48594,13847,66439
59660,1583,17546
89678,88332,25049
44745,6908,67459
91563,32809,14660
55916,35462,71636
68732,17663,34893
97335,2623,60646
18206,65758,63915
58131,24687,29118
4043,47776,22055
99264,87379,7508
40288,40943,32717
60937,28075,69232
16472,34748,30823
19252,18781,75202
60578,50168,86674
87289,12960,47304
92327,27720,45247
98373,37681,9220
75753,65782,72283
38709,86640,24972
60787,53776,1211
27755,36088,61351
79644,13493,68506
48128,3035,84268
49715,85588,39785
82626,50368,12627
58001,31894,44714
47862,35884,85062
75074,71576,54492
64188,39199,66513
35199,89318,48466
18069,10964,95295
13078,30857,25957
13026,39243,11531
23445,65810,64354
39898,93374,85650
98544,92920,24068
10239,93060,39058
3507,87908,44991
81042,45984,33441
99211,43213,68448
41765,52027,65610
82152,82831,75499
82827,26223,30063
52058,79029,49395
95874,7164,45937
45317,72292,42275
87610,28973,2322
54352,52438,4602
76436,31730,19376
29956,38010,14187
13621,14946,46684
41228,68567,37681
41366,94172,90960
8232,83924,92507
9421,12049,6658
81017,12902,62447
1732,44217,1040
92169,92711,74149
51515,25545,16795
24476,87676,90842
18030,78948,70006
41035,21361,24280
56372,54873,54011
57652,73902,38510
72371,46789,16578
61030,71487,47764
50966,50358,21531
32361,52839,84911
26565,75516,61523
21854,9848,54697
79890,56252,35147
50201,45691,53426
2607,49543,85802
6115,51990,24133
46899,51083,46351
94168,83356,18920
39822,42560,12141
63823,88075,3187
2370,25411,86751
87980,18516,55313
8719,44257,46441
11423,6121,44182
92977,91195,87923
5862,6434,71717
31927,66683,37525
23098,35139,68542
69974,8176,5091
48358,45694,15736
93319,40881,91356
57263,31085,11669
97806,94484,45786
21975,89447,32968
77817,42251,52240
87346,34250,43284
22561,88313,74189
2504,7914,97469
26606,24451,48713
31044,64341,28414
99164,70198,56726
50083,17290,77241
70389,17987,98418
12085,95372,37438
53875,90405,17306
65483,44286,78389
1233,18609,93817
32903,77615,82078
83159,70297,44177
4998,92128,51747
716,70609,10910
73393,89034,36782
87352,31263,1854
89743,27931,24939
77467,45511,25307
71514,99205,51230
75604,19015,47998
74135,54924,93233
3994,42783,5104
45861,89803,5458
92907,27510,88190
58734,40557,14543
34555,47420,16496
21673,77146,50736
37710,26521,52448
11555,84371,81521
40318,81622,6515
51824,33457,99618
4587,74500,82314
76936,61508,9199
2947,82599,65356
38407,68580,20718
87342,66933,41966
55304,34780,58528
62059,56831,87340
67804,66110,31508
14029,32196,82160
70107,27425,13529
92383,22788,64314
40631,66250,85587
59699,78533,66038
50808,3817,46339
59026,13639,70581
48110,26252,90377
44195,86584,96236
30033,7677,86149
8270,16860,63472
26612,7998,81370
10893,1672,2408
90628,19113,61180
1596,43239,77269
71024,71038,82443
26754,52573,25647
83472,45015,19968
51483,3848,47750
69902,23450,82142
57729,48107,48955
70097,86990,99323
54922,12426,35895
34446,15628,89599
1364,27665,3759
91983,39482,97354
19406,43502,58808
63037,89251,73238
52837,94814,29109
91806,68053,45132
70665,52715,61052
41514,81592,18265
19962,15201,66184
44576,15606,88250
50653,5326,42807
61137,8097,81521
6300,56049,7667
12515,75864,26592
21262,77454,66394
42484,49481,16903
8398,74727,42838
10584,38319,20969
70402,62681,14371
27009,97831,63118
18471,35054,71986
58378,37208,55321
7259,84239,81308
49318,36868,54861
43410,91752,33498
26763,55365,55979
41016,35057,69062
34530,60919,44676
86755,52102,42552
47155,29037,70901
68922,28731,79378
96126,64698,17113
45140,8134,79237
289,45251,24405
85389,83367,76484
2373,49670,79827
33285,58529,56784
6935,3063,1734
42438,95857,30276
62478,4142,23463
21792,74797,16809
2387,44033,14926
95433,20286,63210
78601,82980,28680
85269,46552,30593
41168,26588,31220
6960,93748,62270
54789,72427,44193
61361,93237,74658
79787,90326,49144
30007,64102,93611
29645,7508,73765
96539,99108,9734
59426,7740,19156
71595,54404,69842
53626,69297,56843
45537,1435,37673
22992,65951,76182
45399,40488,77520
4403,30318,50783
27428,92817,77368
72300,34700,73583
51144,43195,20181
81700,15702,70980
62904,33337,73125
1551,19437,42371
87079,21805,76278
45884,80978,96829
604,70375,85539
37252,41816,98182
75947,56712,3421
28713,73286,39292
22529,38990,72474
7106,41404,51388
3984,88216,43318
8867,88902,2457
22849,36310,26405
39967,20648,54408
74715,25307,34487
84907,86972,74226
14806,94658,22758
34891,14416,24015
25964,98865,21826
12420,86488,96991
7010,1967,54082
2899,21079,76130
59484,32865,49261
85281,3587,99666
34094,58956,77287
83711,85381,94942
71336,74777,30345
10955,70122,99001
44447,11982,9865
29176,36520,57438
29089,21901,44538
50919,77002,86729
67258,42043,48159
63099,5995,46621
24572,17857,97345
6606,69627,25567
66335,25182,92338
15961,38054,1556
91616,67025,89831
32699,74668,51810
63637,50337,92845
64429,55873,77139
44222,22546,57856
49298,92044,75255
91966,97982,49557
6569,15034,70487
87247,74141,89605
15900,51641,33359
35252,49000,13654
80191,4221,30472
28043,78138,99154
78752,17836,80240
94028,27798,52983
95297,94195,11022
70746,96404,96848
31798,56432,11631
91272,48584,32360
42467,78810,83128
76073,10689,38326
54976,36691,62938
14370,57851,42258
52916,45799,53160
87554,51091,73158
44341,77929,92776
87778,70806,42610
97818,95938,81376
53048,73660,32186
434,16085,31882
39282,22985,6171
4164,43564,81806
49010,73898,56599
36313,34617,45156
72805,81272,79906
41380,61754,57641
59050,66120,59595
38138,98539,10205
90719,28652,88318
61319,25392,71712
80725,59082,36618
10136,46044,51631
97888,83966,23563
55322,23279,8210
9054,2278,75971
81,3884,49218
43563,12149,26833
46439,56718,52131
61687,33443,40400
24580,16472,36355
52101,64520,28923
94133,37495,47559
55454,99599,2232
7687,14964,54652
99965,58563,43052
66341,3168,35023
91445,67545,5076
34188,33776,42195
48738,72133,32335
34369,67498,17960
16263,15815,2179
3570,94239,27946
86784,85432,12396
35551,46683,1001
98396,71314,62119
23633,90702,80254
88445,53851,31415
7127,41188,28305
61060,31271,89162
83935,83518,86212
29085,22036,79235
69341,88708,58120
13693,77170,7379
37071,20248,39245
90992,61563,9421
66386,56312,95768
11399,62530,83797
26546,54548,55585
40904,39353,60330
27472,4107,96035
54921,27352,15283
63064,65944,34056
32167,10084,65329
57458,31564,84347
8001,86354,64040
23378,92739,68771
38791,28627,73417
55272,94139,21760
83288,16151,22037
3258,5126,18278
11580,43101,48676
89500,36927,44386
52797,19606,77190
23660,51365,23013
40654,63759,63830
84312,1642,84886
47355,2638,6968
92922,77707,62669
89364,47623,80382
70975,39685,20763
77138,77535,47821
10728,31972,38993
96701,87162,59397
58090,27384,6685
29477,80852,54610
51435,74787,85007
76886,42906,84196
26736,3447,29212
1021,94524,86480
41512,11811,87401
82264,88915,88251
1841,61169,65100
72068,71203,18126
76922,16566,92108
37337,80309,56339
61422,94238,99334
52928,61374,18935
54228,69456,28462
62076,24729,62850
43248,39193,67834
94968,20340,25653
47640,93963,18560
21901,21439,61290
26785,5307,97037
49413,9111,93408
44230,46587,20184
5298,25108,46996
10699,10725,58912
77077,48766,94435
21019,61662,12494
2722,92941,18306
24207,12665,52131
74948,97102,84720
3402,45730,5839
38087,42816,70656
14960,70072,91380
64797,32556,85076
96127,54070,11490
76312,43343,70087
53069,10736,79679
45419,84994,72055
28548,28148,79458
69887,2507,95024
98872,78184,98658
69787,20548,25228
29381,56191,2384
72826,68791,53941
60353,585,28629
67238,93696,64285
94904,23405,95756
21760,39948,17103
8787,70557,7959
38889,6689,47964
55306,46175,35821
38738,23140,60955
90277,3789,40532
57832,72925,59542
17629,12508,89913
96991,12023,60149
1669,8572,86361
5077,53551,74851
21101,88834,94800
69277,80061,68777
64308,43342,26166
60097,39638,14841
55317,22366,63881
64511,14051,19030
50011,50154,24376
82047,19852,29158
91548,81630,34295
79596,78359,35521
71657,74302,5606
16698,84814,71504
71780,1190,26797
77884,66440,77653
54788,36028,98503
51566,68819,16786
41672,73681,92983
19482,59720,4583
81669,18487,61542
64641,13373,45359
23039,76887,91180
71516,25378,74841
87350,99858,98447
49117,73829,85388
27681,47010,59440
68059,11693,14763
85261,6775,28602
99726,3921,75811
38538,71427,16739
5447,77973,9067
59442,81974,74377
66099,96269,40869
64729,8395,1450
95778,52870,24559
13069,8296,4240
88953,38101,64930
94522,79071,58877
41862,94910,88358
44388,91460,61570
58263,47794,21395
72431,74069,81292
84405,19025,18384
97414,89514,65088
64590,82053,51055
53458,76137,28414
36100,6825,82406
26003,61836,80809
49830,67151,48315
97784,82491,27794
16434,56091,97765
19262,87732,4148
45037,60883,93270
25390,73847,35210
40151,28816,42735
19287,19261,64479
92711,23770,759
20078,94966,62998
89211,12142,12599
53937,76487,94637
50369,49972,36638
70926,55356,44716
71626,63871,98487
46341,60991,33433
87367,60355,27700
23969,86244,9026
80776,25110,2583
10088,71277,73933
21328,82638,29169
53155,58951,10960
76172,24296,77514
89808,14303,7845
54027,79797,16194
99008,77984,96866
25079,9993,38108
43557,57303,13093
21844,5298,75191
36206,54010,96052
13953,29473,36345
53462,42979,82237
61397,83430,73353
59822,82721,12760
82790,43976,50601
70820,73582,76305
17068,27779,54752
5448,75910,28205
6657,43784,9389
80905,44111,23740
41586,74824,6112
65334,53687,58470
18812,91813,55163
38352,70102,57890
65696,39317,4501
1528,39828,25028
93410,85302,57760
13456,30813,22006
11835,63384,93684
32688,6729,85446
32225,31657,60947
29518,50655,34098
83561,26062,22086
27419,88429,46015
19568,8503,57297
30857,92452,61696
95117,37837,45603
62560,20897,87593
90592,71200,29696
93145,35870,27533
34412,73705,96912
75802,27177,5075
18846,43911,81057
54513,70878,46832
73805,73614,53568
5114,51367,42408
42568,97073,43340
44083,13534,44808
93374,7456,66603
63185,11419,46704
10942,41166,92644
612,22548,35340
69724,80374,45788
15740,74976,62220
41217,38592,29666
52989,61281,24693
56738,40476,59935
85814,26553,50503
62146,75742,3036
37237,61371,2998
9487,57459,5623
55449,92301,31848
30437,74299,29684
92758,6279,18387
27406,7592,71589
66408,20501,56244
5273,72235,77993
19902,64935,69671
96095,4005,42261
90991,86533,678
3709,36828,82526
83277,33890,2264
21429,88823,47943
6659,24003,14541
13561,49608,95893
87895,78212,53891
71052,77618,34126
52987,8310,31049
33493,86692,12523
52368,57130,50744
26941,37307,12284
11159,80920,47797
51802,27488,46752
82993,22997,98188
11003,93302,42228
60439,52406,92184
63693,35211,49918
50515,54367,78696
67075,40345,50009
60186,27289,79802
87714,55646,71134
49049,80977,39648
76138,50952,98680
73058,73328,45930
20015,6145,64260
93987,8820,64556
62589,54514,45466
89675,95901,97096
43925,60946,93481
12397,90085,34057
82295,59766,93462
18444,79734,83758
23744,50830,49183
84651,81117,72005
93403,69053,89226
10800,949,21407
5247,18484,29105
3931,14302,69647
18752,30979,75638
40364,2891,72353
87198,5383,42562
7012,54977,79333
95473,93842,70418
99863,24058,3160
87728,17669,98952
98861,6625,91460
24399,60528,74393
20202,66015,77857
58369,41892,69726
71400,18944,76304
50224,49302,78159
91357,67830,35553
57183,75702,11299
73074,16229,24929
10982,66731,42749
78,87439,74040
75857,2889,83128
78579,91928,54472
89758,48998,11873
67329,29808,34422
4962,51980,53176
16046,61806,77083
31234,68296,5408
84781,71207,64546
89923,88755,4512
53383,55580,90695
87520,39020,46793
2716,25004,62829
81580,32176,42029
85207,39107,73563
27274,17446,4027
52126,59128,71097
71058,89769,80953
70039,52786,24448
68416,94911,69107
17339,55515,65924
81600,75375,30774
43129,18887,26259
98745,78855,21607
3818,59586,5621
54810,59031,81818
72285,98141,88985
63156,45720,27764
41709,59229,76275
